2417	128.5930381	33.58701225	1.308253844
2443.199951	125.9045076	34.32271178	1.279777386
2372.100098	117.4238189	34.01589115	1.166712542
2330.01001	114.1182693	33.89283998	1.152568088
2419.840088	118.3080751	34.4370291	1.187439415
2336.800049	105.2484894	32.96535622	1.03202811
2256.379883	96.2063771	31.57637182	0.934268598
2340	88.17012428	30.52089841	0.925804618
2329.439941	83.53829774	29.60529303	0.874660566
2374.780029	80.26165171	28.94619962	0.912832506
2372.139893	77.73708115	28.45233106	0.867991646